932

TABLE ENTRIES
941618239
52608352
1593444387
1565921346
1233312219
1053057770
108133585
297943422
2134436521
460231288
1945932164
1937331725
1319709026
1270338162
1586481007
1159180233
1322834246
0
852857701
22479453
332815858
1224896396
1847505768
0
1488261374
1208223632
122899132
1879802018
780131970
34225203
1014154937
1222048062
651480265
587985120
454986611
1458024117
1790457594
0
251649144
1181437120
732380494
1330691143
1616411003
2058457466
754939221
181148404
1416010055
462081705
81510999
2064838935
1411058196
108638858
1860035237
117554186
605301105
1542192345
1647936993
1473232039
985761540
1975094082
948813835
140287116
1676852431
451731480
1875325607
1359095232
287557755
389783530
1593827755
132876706
195050136
1070394414
1705177318
1299043902
359329309
1128386668
0
1184304147
0
1823805097
1364105625
2125689655
255720332
1458088922
173534667
1730067052
1367525376
1923438894
1171406766
0
2126590629
764826218
242855869
409174267
1249833784
1292700598
1559992647
0
343906963
459969149
2005156043
1724758484
1182659263
984933966
1552087001
902360303
2102757139
1889716578
1672019586
1242407619
46823648
797269422
480536159
1207141600
1339908451
1125077028
0
609353883
2038389465
135182713
1488004734
547187720
1534183300
984369570
863844717
0
1198522528
0
939227638
563608694
2140959197
0
856118475
0
1144871545
1259619745
264996047
1490570550
1049583419
801065749
807339101
1228611690
2134182663
1899500318
1231593118
298623998
1481164307
0
1426013589
1258918412
911074967
796066166
887135391
1496533879
1979944316
700770538
695350579
2106902347
0
730239873
779732191
0
967261932
882422490
1819966259
4187090
1967167505
1866793881
2100259025
959018174
1279540507
1192450826
1338051626
292001739
800806847
432409880
442017793
23873662
1277170333
1273672770
54929357
429903227
1096097769
1166222433
2123665817
1458272582
654176949
1992591258
85698314
678950100
1465887743
713710656
606321719
268868574
569477172
1928325458
1032705605
1304721083
818075568
1379402632
2134431361
1106812007
1050321884
2116647348
1037773722
2079925692
1196283177
525862896
1349552887
1710918392
5822723
1689610210
618926541
65687412
1801488391
1388470553
1544939921
1496715480
270985524
0
256635605
1505039556
686992055
671093384
1150944209
0
590706780
1909684780
757745075
226896836
1197700039
1399525318
0
1937186847
468880076
2106476986
1109958165
1194091004
1344849393
1352442016
360084119
35412574
1803770413
674660994
786657475
765894404
1694143751
689736742
709592446
1184051695
1996484587
1851085170
1354853762
1376071036
1215609863
432114225
1985306209
1068239824
1196417292
524298685
970671189
1960591628
465894488
2119892006
2018303639
27278382
1823334819
418127538
998846011
470756258
1397996103
173199182
0
1811629670
874644709
1871998482
2051995509
1338579420
904293151
710805800
1236804070
1761493663
1306984092
2094177474
419848146
1970692642
300451135
1819491734
1817737199
1663527696
433294019
790079722
2069955962
1181246322
0
564127718
1444414007
1482382879
736285884
1884080002
353353875
1831796268
549798257
1912447846
1930069567
1527794104
1843682187
1348721845
1782811050
510624155
1371915895
418244358
329948945
773947967
1993941867
187364252
1733170210
1164026852
1674649848
943862622
350334399
2074170303
0
1243068509
1120950733
114868492
725564543
1955129598
614453479
1573118112
1914989797
2050322330
852236325
1543873940
1417807825
1910492840
603503543
1764969392
378180171
953614802
1905471981
1753508162
732204695
2016511358
2122675425
1621073110
2123296891
226975506
134702525
1366990690
596023847
869764344
250427110
1208028488
589709515
1627429324
2040731637
1471629140
781786457
1513951929
1298450558
13846127
1293356053
1700228805
1142292373
1598131379
1379410784
630123521
713147689
417082808
579656099
299760138
547173210
1141415004
174293416
2138176545
1074432767
282010895
2135278580
2141936714
708762717
1095558627
1572574393
1081492249
926211073
535063112
1435183939
183698164
1332194347
185283715
1888106792
0
837924177
1031637072
2046021373
901424341
2069703797
770727796
993749047
853307664
1098385535
214881512
510919725
175663106
907280203
56893075
1041024207
395019368
2106263553
189957656
645313795
473741690
1415363581
1686507204
2019000384
1083075601
1228853409
343874088
678622811
273492666
1896918866
914174858
859584793
1548002233
495642953
1954167127
1297636123
1765145893
0
536416124
2016210815
2066193854
1966913073
1588791198
20712147
926707146
1446619237
1950366676
1962875720
1542380545
1923898105
927775214
1542343036
1790909365
296703245
0
1071657704
1987274350
909437255
1154938287
100866709
1167856781
1647513893
1689878139
514658880
1415060926
1436235638
1412741151
1726736571
521100924
1245167997
799762755
1970443713
1449716097
828099350
121777920
1234668003
41866314
524990450
1745300676
1519444753
1240304046
1384730401
1103759175
1011354053
1291103180
0
1252355114
479746537
2127284521
238452937
1755353248
173663411
0
821956453
1657243940
0
59155312
433087361
675226984
726972068
1640867877
1131654131
1938614587
121974608
1539968542
502149273
868118534
207197731
1709500572
256834269
4140092
1044238312
0
1947487639
263786944
762538195
22397957
528482189
723600260
830840712
698339398
332977833
1351678696
1918192325
108131722
151132421
1074873778
456399728
360219134
1345355489
1623586336
795347067
1567858980
2118734605
1998844636
1686790888
1389034560
525847030
612566423
519889284
818404306
459221013
1089328452
639832712
2036213238
194023481
1726051984
1179874845
227585549
1968843259
1117870084
960186640
822177686
1155717374
1788209974
419488339
1808546972
2062943845
0
1184461609
1409677312
487230119
373135384
696815244
749391378
843063138
1860895762
1907630121
632711974
468887713
852624800
113600444
753681298
1834226173
1142621372
1979623472
2081858150
1948912039
0
386942661
1693587850
1908097213
1551049668
2055402719
1560234438
665270025
1607443967
813553219
1290573797
225868578
0
1053587865
739622654
0
753670014
52203107
262929458
828674061
1290591652
277215128
920025518
381243479
121385191
775691579
1835984509
1487632794
1680928090
576616793
867941776
432542897
442170095
24980925
1551246012
0
1425394516
238502304
1829210590
67470665
803742998
553908147
2139287557
0
1960324172
997226463
345942352
144149657
249061862
1989113099
340633178
429062293
1656677524
19065937
1503333520
1751561750
0
204615325
281669452
954438643
318272620
432914481
1341373585
1662622639
0
790862237
75779322
398337138
717957258
330132673
1175664409
314540454
0
755738685
1559198053
1961046189
1236201100
452884095
1781918478
2083044271
593047878
8444259
1345219253
125256659
724066268
105014577
517883166
1691392625
1469750016
511397923
733259732
684253899
1377537739
1566898663
0
311666527
1825742008
1259546805
951665413
2117457443
1009068116
1039289352
1009643096
2033639230
1800414782
901242043
548306396
47222419
1928679956
943429639
2051571057
1075996230
157680783
1010719979
0
582718203
1488530996
0
1875511590
2081941710
1536667224
838582619
1751348
2046785645
879539107
74234976
0
0
1261614567
375390220
1606694842
291835755
2066970867
1525313953
1712960633
0
655633672
404443524
181427612
15212547
1119966906
1033459257
98530318
1065901622
0
1448629221
879884700
1525503573
1237503252
1567153559
595471384
162015529
1178184864
1889538147
1434335378
1114790125
210837020
158599191
732723198
0
1749087079
1724446891
2019637037
184932029
975730156
1446298248
1401135393
0
464644327
311279844
1269267085
1911607461
852643852
1184769760
1578041281
0
971301648
1130751587
1123283610
494234517
557784571
1229187735
537329913
1912419111
67266072
0
2053335194
901919219
269153427
703935199
768062840
1696152553
868790782
1511890636
606778628
361171965
1099565331
1152827448
13147838
1588691753
906746800
1893068403
883248370
884644731
236312108
156560687
1880629160
516941991
1308012808
1596616435
2075239229
265177933
139143716
504460063
1217586846
2097419697
204904200
158447596
1523652074
706272973
0
994667183
736317486
2085974271
0
1095083635
1289520557
317550490
618022140
1570559880
0
2085828969
0
914171427
89130890
1683486213
1887015027
1599702352
834194422
410446687
2022017704
403217028
1815616092
1822292613
128194868
1452590224
0
1069964793
1882484560
1447144843
1282017581
74465322
1858112874
782192193
142415185
946846854
1940891912
1542285524
1403599124
794298565
1064491044
417782136
2000007017
471073126
308435080
472797803
151110940
1998409658
1704775236
0
493012328
1733465241
1412937880
568241715
210626162
622766506
1464640876
1267743295
1033928489
91042161
1042902608
245704516
1358811770
1808243189
1017924028
1062327217
309327313
1848237769
168573494
1983581580
2129300677
1858131925
0
0
2034136016
1823654535
1458153680
0
946592437
123870379
718935988
630046817
0
269726663
1916748896
1209648771
748346890
390053757
997156604
1789356768
300713056
430118913
169461520
1616817052
1190341309
570723242
280630226
545664119
536248206
419613494
0
1391628861
1829904533
1422921581
1069258315
982923095
420235945
630680569
1590213648
1014612453
482998125
1658906237
0
1447986199
1138150824
360877710
1115552432
1264363323
280483909
834341274
1398163492
1807793967
868389992
569962681
1523507336
1961274684
428428973
370434525
1387299084
620703120
1857511632
160429449
2037969384
815653004
455734778
135538347
0
380414865
1541124297
1469457494
1966677135
1904256235
0
1077683221
1266469292
62419152
2089044464
1687206574
0
2075598539
912964618
1696994626
674669860
202376735
0
31543689
0
908193228
2026628914
2076517811
1013446588
1452052151
103677254
1796999807
0
242790436
1117037946
279582381
0
1404881201
1619340070
313697937
2046750423
246770461
1214184610
1438645251
1841755316
2107460599
48474798
608622313
528022216
531494059
1970712109
904767437
1189227219
790984383
1144622414
451116798
892073664
194564716
638540042
1606176357
27035443
1693697999
222256753
1977449521
1865656832
1277032219
1432817749
1585632562
1096261706
51552239
1842233904
544313063
1463942448
0
1849228034
218301091
966388595
721516135
1106432432
