869

TABLE ENTRIES
2109803753
753533248
1055127761
0
1676595203
610295900
968240651
1010365066
1321908723
1253461746
270933387
1010052592
427105959
1013507634
1776346027
665377466
140027821
557980472
593426809
1029955926
958206745
1704556664
1208168591
1767499106
12886211
1392834316
87240883
348149916
336908865
812159298
1021846031
2014210782
270040799
598545844
1519671031
734689634
2077601007
327727184
1152443069
413056894
723654057
1599838652
429606539
106404786
2145467983
98062330
382937071
1939006274
901346479
1988473758
1620153817
349395584
1262671461
1484207542
698446747
920038406
86025247
717571494
683833031
1763458496
1298074945
1936248658
942255209
696690072
2099842909
2058338736
1202520513
681978524
74909237
1511733656
1646581035
251089340
491702253
1682162288
2138123287
1298158566
854759877
1941196762
879593165
2072760514
489222573
1327754688
1579445665
1092384978
2091037999
394289236
519409509
1610478112
542230717
279653746
1884885481
769085478
311470969
1832202718
423169265
1814266006
1561227059
736535560
216582859
650524884
540041813
2133126998
178574351
1080085090
381148629
1623059748
1439828713
1980852800
1273857991
307200408
1367009893
1129873666
974877317
1029192398
1402427683
1016110890
653000629
1844399804
720525609
362069816
2054403605
44565958
712741533
1941134874
159754953
1163657398
270331243
894470406
1902179817
325560310
671279453
2111260214
498545111
63964276
270612103
1110101556
1869403445
916025432
1818144855
654330946
2025389011
157131962
1154919599
1886436454
319212229
269184956
563048821
1315905638
519714659
173050692
1916472789
590064860
164766651
1307529166
1656437289
1094497650
433927429
1311277444
1213356241
209710552
1510024819
1950561482
1561827133
790254694
134952831
976149858
484292043
1955356168
2011619985
2038841798
2027601309
1071728548
1965286107
1315128564
1182583087
1388547820
1110784503
967944432
1225928453
699117528
343403137
84368738
1119503347
2094162396
695935679
2146108004
619494791
401022700
1621016639
270761800
1463825627
1397667946
614618471
1845850906
1269221167
1072311070
603244401
1614097828
1460981281
1596533684
2031004561
1277308600
1684779735
49983546
496696633
671171186
1742359133
1143490446
818004621
0
268642191
1690789906
1687052563
1732306110
304287349
1390139540
423004123
937265700
1411389765
1614892522
87143085
1673603688
1194971623
86497230
1134218553
900243418
578278873
631752336
868647081
602613346
665899579
278417374
1691419149
1931884376
1430385691
669988560
1665579249
634701254
1646191869
1216055996
1531567833
1443436638
1847785805
1165254726
967842917
1106950250
1332624243
1439810932
1579532817
2141066518
723681589
1187091960
1465605525
1351308230
573786825
1249253692
176483979
1044142216
78523927
225979884
306439043
435729266
295180541
2066697154
1008739357
1163494654
42892637
869302550
404827005
1582218554
1800515583
1486240254
60284655
1190713996
2126620931
1521950732
1755255383
1603103296
1041173611
763282846
1308203437
1029661726
0
705391218
1779029791
13881212
0
819028364
1780970439
921557084
385250239
1826665166
0
980250020
1862495359
914554030
691891093
536335966
802869681
0
0
767551910
1903769135
76204298
1634057181
759749898
1312455791
1119832980
650115281
747992696
314712327
157742726
776482847
1230017746
1613692533
1214253422
424064087
804994614
0
1617856170
852639293
855756166
0
1561578918
0
572454912
1108565351
598564956
1803193885
1108785612
695850405
1122190326
720433651
216898252
724688905
1907060602
1290682975
1814124464
185706325
1969106478
1790369809
1777705676
402360451
595115460
154523165
1740030242
1152287537
1943706972
648097297
661999010
1215963185
348225066
269445803
1269223274
1688611111
755712678
873218559
91675790
201504149
63817324
0
1100050340
32286323
1056785850
1415619291
1652814828
1594958639
1985492748
1666841219
1890713892
0
412193758
593204053
1912936410
69624499
1269814700
1218161303
2010572902
1980487835
890047362
262474089
1013333264
0
378820444
1264839807
1361048618
1944889051
2073125676
919594181
1146435660
108589293
325747346
1633683879
1050394524
840768223
1932821338
2087064133
909422196
1366157607
1758149762
2110509853
641094292
1791809911
897430102
1016922227
839305184
106746797
1645364430
0
740197464
1788544429
1072236994
1997964107
393343174
1055394757
1074976960
1320200809
638053390
1361694617
1243611718
1154878239
673103058
1174298195
835918888
708725573
1068339716
1533914841
1213953146
1430421971
937928432
543993019
1558198090
255307239
1814782782
1054781813
1929338826
1682816795
1715438824
1798035001
1674328810
0
287290102
779313119
393334942
375227981
1433244498
2119583065
71853674
377439631
1962374972
855645707
1095019056
983837303
1980767456
500081425
207949640
1201155167
1960550610
424269617
1564202502
1551908833
355425396
135203761
2136846416
1587081265
274640384
1193186805
167354328
1052045431
266625630
439722479
651474498
1934993851
1472698240
686893407
116295106
485066947
45592976
1557840141
701503386
569554969
0
1351413839
1571630168
2130718337
2124281210
793584449
2085910130
65081053
760423532
2008650459
247789384
1898751693
683620526
113021745
1856346096
941625905
1871692326
315162833
1832928600
1479879858
423726537
1966371622
566254995
1084048076
729114183
170439810
0
1619903034
987204903
1735173310
967361751
1011401816
366130611
1577640092
1413270103
777755092
0
0
1547061955
1846047236
1062950007
2080627100
285418495
1400480234
0
720500948
1333643955
2090210980
1197538173
779534290
1529052317
0
1566707021
1249121154
1963908431
622197542
1617638267
1019960526
92808109
893942680
670173505
496429082
1398380403
747465480
1253987749
1596873992
585427329
1558920312
0
289996414
1277724311
1866321836
0
374749336
775120551
2139069444
148347101
1501510674
386985073
1028351704
423491571
985612276
323838453
1915781190
0
0
1313756123
1396814754
0
300868358
1058214165
1114529742
0
1630112844
1734515391
2137290662
0
948616416
0
645278570
1498722769
1634109744
1834399505
588758782
0
956627808
0
1244866422
1449084229
698857232
0
929964632
563391297
1358735062
1096198923
1445948772
1272823351
214617656
1047322579
1628850394
1219062665
985053942
107191757
739608006
396813197
1708419774
1299235853
1342285328
1709414277
1204135648
943999533
1975922046
0
803669462
0
1848097034
1818788911
1995043850
1372399579
163999112
0
459472244
604013667
549594550
770528977
662248224
2052382003
1887756350
1794398331
696715100
492749147
2029343930
354909177
0
0
1720885920
1438895639
368125306
59644423
737489750
711535785
1288534886
1604319255
1294367332
106163009
570320054
77088619
1800640712
541179343
762023962
0
801405792
2132318237
1284300328
0
0
1422953031
653233968
206758341
1844576904
0
688015814
1214463425
807614558
117695357
438265966
0
560680848
1783783423
1040517164
1665652451
634401376
911053037
1285524724
610873959
1110830790
649852017
285634450
1142503231
1191343294
0
1072073128
1551181815
215493704
1990191467
1044900638
1971056213
2129549250
2074781993
0
2078023265
297014444
1755786801
461127268
1461984325
0
0
1237367820
723984651
535123662
101089227
1542456132
724776371
888600524
0
0
475345589
1924886132
243519685
8371378
1254861599
1210260066
1717978341
1795384834
1984191999
0
1170836301
549978288
1708363767
1443056914
2145422395
1934252418
0
2005740042
934955211
1640055850
762381091
298349784
1515469357
228612578
1695701009
383734158
1957144023
750794786
0
1618801354
0
20641106
2053721085
978101234
1129155763
1572451824
0
1662502200
1526934927
762323744
0
2001922202
1362805535
415155714
0
876694438
1328209947
379720568
1049591203
1038779014
0
0
1587119249
0
24222819
149328772
148533085
233374794
245772175
659506718
535816115
1363436070
888165905
0
0
0
0
435551480
0
0
2077982127
1796430722
1123311893
1834902878
766455747
1012096478
0
615266486
1232756197
88901896
0
145410828
2124389251
1268572210
1653212667
905980502
0
1090965656
0
387846480
0
1440302546
0
901331454
0
0
550839777
1157221854
1772105867
530177488
1038271145
0
1004400549
0
54065689
15294444
555650145
2079668468
0
1947766644
1409845645
0
0
647251520
0
0
337898381
1412190612
165057343
1536759260
757523105
1849740372
0
1820968386
0
304909010
372662025
1441524914
1213381121
1542935326
59715161
436655118
621227173
473445848
0
124382948
0
123307412
1427519177
980754158
0
1268920024
1017792065
0
0
223910208
669544987
690182672
0
0
39127433
1882050760
540091531
0
0
654475996
0
1513342426
0
1794917872
0
1599631668
0
191683002
353337793
1173055376
0
1360722962
1912155133
1975583030
1710635909
712946710
1872964147
0
800766205
584461550
0
1661088638
235722229
26600154
0
1829730154
709727507
1609747520
744907345
1073555020
0
0
616182961
1200985944
1959988613
0
981037807
2083775162
204356319
1168416466
0
2115377792
1177196691
0
677398661
1670613956
490688209
599282324
654652189
0
912637461
943610680
238627779
0
1717066305
1253005294
255102667
0
0
475626810
0
202287994
1388385501
0
1405906887
0
1769929995
2013687742
1510974741
590269424
1741589791
861429414
1766000631
1824327720
0
0
1684743019
0
824393411
67536598
1356526721
28373030
0
0
0
0
1733383973
1014866380
0
382607278
491983619
1451849094
0
1997137218
1854821379
1807423908
860081963
710119950
2051536455
0
0
244409552
0
1345356250
0
110598226
0
0
1052233941
1586330374
608899529
2085271384
500027543
802842250
248153227
815470496
711715055
0
1031368789
1746929574
0
1809974736
0
84286832
0
949260722
0
108726822
0
707958174
1882670885
581157924
634370273
1568206616
1524465627
1185594232
40296183
