826

TABLE ENTRIES
1882937901
124648663
1295352015
2132887821
442157234
1824230987
0
244801353
1806054
542643855
1050146444
1910521237
1024862018
199590571
0
762197793
0
892372167
1136399220
1210991709
905981178
0
76576360
1657964601
1663565414
705076159
1633016119
1934888741
1860099426
0
555353704
614196218
0
0
1913844431
1516335974
0
261216667
1878938992
0
1575390710
1554703319
0
1822366774
0
629353195
1350285560
2141557793
0
147269303
289465156
909677629
1457466658
212923024
0
1014275721
908122606
2083689319
1094521527
423586461
777981346
746737235
1714793176
829046962
204753054
0
1491814644
1239975245
1437947306
2094098299
1643066080
1029463641
120424062
1301815991
0
246450133
973860906
0
917328344
1156063617
506552454
1995744903
563910788
185749565
968374818
861447691
1999167936
1357827137
1228073086
0
1366649172
302669197
1274886586
0
0
240095489
2052288742
274095884
886489468
1721486437
325358026
1271066419
1598240800
0
1218210358
1462912799
1055806340
1135386117
1944326098
1953860387
871493120
0
1066644965
0
1683960063
1148855653
1564635522
1007702115
2025461072
1995870713
887150390
1463078215
481514628
1835654549
1783922898
1764379963
0
1032678537
777157629
104228175
1583065004
1087664957
2026153594
1929944939
606861440
408046721
466429598
1817712391
1582163260
881879285
1164672882
386542432
1112468448
384737897
1756586710
1413128487
1263607428
2059734077
641115178
1720173715
1969918344
671328761
0
1407330036
1866863260
968835261
1230572306
0
0
0
161196957
89035759
906680780
821744109
39665097
0
1529158000
0
727941254
1820397759
283117948
2032342661
1591296706
651178027
0
1016102729
0
0
2050336196
104689766
517798138
1865015083
1919360627
1807899345
1605230550
0
2115564564
0
2084325698
49679147
0
1610733601
1465940342
2114891207
0
0
546563274
83589587
728193059
228539233
1096319670
0
379760756
161313797
1606273410
1260762299
314388955
1928748505
1734606182
1025351775
91898404
921976133
534417594
0
1943104288
652935321
0
728699943
0
1446636901
478880698
346442027
1985891904
704543929
1092371862
680633087
683312252
1221098213
1989983202
2039086795
384831936
615959857
1043278270
891111791
1487760143
2042359205
276625978
0
1697865208
1367254057
1189370069
1739087399
1773898724
414041213
473520753
161213051
851961928
942299649
1233364718
1303375911
1163773500
1723271981
737768658
0
0
2107822729
1836965838
1155792740
225713580
2101296845
745972754
1236635147
40224272
582210825
1560958454
0
1492185852
1912164517
150861098
479317555
1796877696
1597683489
937376958
1974867172
0
294417413
1366214314
0
105827227
0
512920718
1662774247
1474001735
0
416868202
949447691
2007249960
2003775081
1144697206
1132092439
1876673932
1404625645
540348962
0
0
1738715833
1738779110
361803223
1687065804
0
699512522
1772416139
544871584
2116987513
1995157702
508657311
791221351
1356760469
1486620530
1894633147
1804988168
256357033
1412025550
625676583
0
558522861
1161292826
689941088
666707851
1866221217
1474901253
1978232023
0
0
1505055482
1177149875
369112680
73900250
2144449038
2126539060
306716724
0
0
50043243
970184480
699852385
703297454
1125520535
1253295172
563401245
985709586
2058230387
1550553616
1177986801
2087832958
0
1982843276
1268851781
1138881321
0
1826124128
0
0
503440855
951335124
1971937149
363790338
961759651
0
1900669561
1862386542
2111006943
1711693804
400663693
1240541458
1395330259
66124552
420937249
0
0
100943092
1281658325
951267162
249117523
1242125952
1756423865
1687047885
1759810399
1096586780
1499618469
464919330
1008183219
1841389464
1740836281
0
318752591
1537966852
1074132429
0
675974339
0
734257985
774008806
326344079
626775492
0
766864258
214691323
0
0
975564750
262541479
535956092
345571325
1201435074
949547451
387746232
402042993
0
1049638247
112748204
996730285
1998818490
335463899
1994833392
1953775201
0
171398407
1153784900
1640374037
1635594218
1496838347
796308032
248847521
0
416837071
2050229596
851027253
848510994
1469163307
277634880
504553921
1817110814
1025044639
1584676860
240783925
0
2113908819
1064241216
1830965681
0
1985490815
1744033052
495608405
0
144892091
948166616
1052051761
1146052318
1098495279
2116647412
1978218469
615640530
0
465207104
747442345
232843174
1185375655
1091448828
1493296261
1869211290
2047666211
159808600
1707811409
112499470
2045395303
0
1084434190
0
37258955
0
2082311273
2022452038
1367435255
874540271
1068426109
959618970
140835299
0
0
413074686
1897527423
1308920772
1827527693
1868727562
1858660099
1684026144
2073452153
0
42539535
1681398335
118376117
727834426
851654091
2011598024
236785305
172859118
1523526719
183775063
11174245
204974098
1152770779
516652632
575373393
1040008278
1556553639
206414380
0
2097021433
1619414267
1030255400
449988401
0
0
708899364
1743337405
1761003362
255619987
1016745416
1786656065
683914990
1245936527
0
0
246257002
445367987
117809040
0
469615382
2127772847
490262588
1251813149
2022883618
0
472780536
0
1497769310
2032999012
320271100
1610127653
1057582266
1167476779
34266331
1092146378
1965491630
1460036087
622398292
1855745277
504073402
696909155
0
1368635953
0
379974116
1004421060
827644949
1314150170
104147723
1111485064
643401561
0
1391342327
137279372
0
4176498
402958251
0
1224033609
1361632134
1689417679
116321348
0
0
0
1190365216
322130617
82098614
0
2057628263
1461012733
530216234
1405642411
1801149088
1183976617
2000693726
913863599
0
419242677
377521562
920551571
764872664
931418673
549807350
581241551
1628326964
422000885
1063695146
105876731
2040842187
1351344065
0
339874167
512683828
0
756369994
213818675
257486608
928954441
210127942
825867719
500396364
1278491301
472964618
1027940403
0
0
1886363838
496929255
0
525435941
792632794
263434891
453076568
0
1124636422
1857854527
460535356
1409518766
1208752610
0
1405716240
101249434
1654244934
1230143895
105515732
468922557
369281162
2126933099
1905951528
1247105033
1849227414
1096720407
1621348028
2018697509
1319191034
0
1375642955
1644256017
534667942
715440895
416063484
2145847165
0
970145907
471499592
208116497
969345150
1004865375
0
1087803269
1157240442
980122187
0
1656073465
840923070
1632366175
70670220
1774797333
660931378
0
0
1346899825
0
1467884807
0
939921069
673233602
2029784307
1910361072
779371177
2034929494
0
0
1474970197
872862961
0
0
650690073
833159630
2013495983
630801292
0
0
288532008
2141804912
655348177
607262374
462419423
1719829564
1647595205
2024466082
1662624867
1816430560
786806137
1656580213
499328719
0
0
435518354
894466635
299518336
727154321
703638926
1042709063
0
965810221
557539458
1314541011
191756912
397022721
1885501286
1930969943
1835823268
665535453
311870193
1741663403
1005652392
581188033
1301601494
1963815631
0
991065357
1600108946
1338061803
1844312904
1136879897
1662632590
111588127
573293676
0
1714058849
1718734723
1702650152
1158071282
1973898774
1117281012
1642265740
275595589
0
369679995
0
1641920794
1720441245
21518655
1185436228
99019293
2097400186
839965259
78955384
0
0
1362336087
587209572
765236790
825269594
0
483618144
1786593841
412587230
651336207
843941756
1197746173
961817450
1927854331
734436555
899290665
1147350558
0
902555524
141979821
1078996985
0
175008416
1590386185
0
1756918839
345929567
606104414
0
0
1864404448
200222433
64341670
379765759
140495028
207735477
1572446618
1189083171
976532160
714031585
221839270
1769741463
0
1927681405
1684246018
0
498767027
320522401
14704382
1599252519
829721524
1346527037
2106088842
145821395
0
2047787385
1989457070
1095104775
829012556
0
1657377802
1023611507
1464571384
785854218
333547974
95893687
845209684
696921477
1174051649
2130463227
1263607272
0
1779966862
1624363015
1129886620
716007821
0
0
0
325295849
1732185566
1814847679
1846437636
787458237
114130890
1880389707
1422969256
588346225
1545380477
454539911
296029628
1460722877
1292506202
261755507
2114559691
1550442593
1026217670
413681703
464532324
778359301
140984450
915935235
2087016360
2092957033
57445270
1656934559
1958624692
0
1934102329
828030475
873001304
2047792313
1502011918
0
1472617852
842305653
0
852019779
1557826680
0
1448861982
1339716111
913864868
627731453
2050226441
1974725120
315045976
0
496671422
0
1224778052
964265237
0
2025887755
1425502840
0
0
540468639
1190188031
1817674701
699982338
0
1928403368
0
0
102773247
172310204
1690592982
310394482
1882381195
1662573352
340178745
1994538717
957895412
1183927196
0
0
598354992
477621912
319795089
970756950
1089105367
0
243495597
699946690
186822083
529381808
2078383281
1145864118
1580137031
1914878028
69976382
1832904833
1081489683
0
1846414145
1062891814
1776570223
0
1785303229
1766713746
2127739091
0
0
1633409294
386051199
0
1635770069
304759050
1038043739
0
586970465
385432694
1036015679
1841817556
0
1357093961
1744048707
0
241178777
2011124302
49713879
1669126084
0
337131874
173665539
1182624248
497280057
1599982030
746379055
825472436
0
1922192410
874031731
0
0
1686672934
1047590303
549394548
1279113285
140918338
588872723
2068457168
1005885361
1759544006
485070823
664188503
1169263613
0
1680599299
1918823955
1861594297
2031814686
344047636
358626316
0
1965303945
285646251
238256336
718263097
